# Created by Octave 6.2.0, Wed Apr 21 16:47:30 2021 CEST <niceno@strix>
# name: p_c
# type: matrix
# rows: 1
# columns: 20
 -275.14343672772651 -225.20968232287512 -175.41040249459363 -125.38514117431204 -73.014283276298599 -20.764591654884892 4.2606620242382096 2.0587208657464351 -0.27786214383656799 -0.22865524870452261 0.2286553636478133 0.27786225877985848 -2.0587207508031433 -4.2606619092949165 20.764591769828154 73.014283391241733 125.38514128925524 175.41040260953673 225.20968243781826 275.1434368426697


