# Created by Octave 6.2.0, Wed Apr 21 16:29:05 2021 CEST <niceno@strix>
# name: p_c
# type: matrix
# rows: 1
# columns: 20
 -299.27334292078677 -201.02489895912811 -199.48213997395857 -100.79688974648339 -99.732113681527707 -0.5248893850284444 -0.0045916504876275539 -0.21089784231779715 -0.029289927191255612 -0.054825121579406895 0.054825122586485274 0.029289928198334599 0.21089784332487443 0.0045916514947078489 0.52488938603551893 99.732113682534788 100.79688974749067 199.48213997496541 201.02489896013543 299.27334292179324


