# Created by Octave 6.2.0, Wed Apr 21 16:40:49 2021 CEST <niceno@strix>
# name: u_c
# type: matrix
# rows: 1
# columns: 20
 -0.00010900792736146661 0.008515624399326004 0.18973885391023432 -0.8390165000816372 -1.5608918146086652 19.142881753911674 -15.208022175057792 -3.0392123810770144 1.0056229027547681 0.30043823982139112 0.3004382398213909 1.0056229027547681 -3.0392123810770189 -15.208022175057788 19.142881753911674 -1.5608918146086488 -0.83901650008163453 0.18973885391024803 0.0085156243993392746 -0.00010900792736146645


