# Created by Octave 6.2.0, Wed Apr 21 16:40:56 2021 CEST <niceno@strix>
# name: p_c
# type: matrix
# rows: 1
# columns: 20
 -275.22093886702606 -225.17561075715346 -175.15189954419526 -125.6596022781977 -75.02914766746143 -17.089342757620251 2.9489812614209727 1.6185427277362252 -0.20060854143978812 -0.18146525071527264 0.18146532472231744 0.20060861544683314 -1.6185426537291789 -2.9489811874139269 17.089342831627278 75.029147741468279 125.65960235220463 175.15189961820209 225.17561083116033 275.22093894103301


