# Created by Octave 6.2.0, Wed Apr 21 16:47:26 2021 CEST <niceno@strix>
# name: u_c
# type: matrix
# rows: 1
# columns: 20
 0.00022421503282009971 0.11742630296451169 -0.43278602828943402 -1.4216454883817997 3.5797930967890643 20.132605480225077 -20.127218885182291 -3.5787619492166272 1.3733845666203768 0.35709079690294149 0.35709079690294204 1.3733845666203781 -3.5787619492166316 -20.127218885182284 20.132605480225099 3.5797930967890514 -1.4216454883817964 -0.43278602828937868 0.11742630296451685 0.00022421503281954384


