# Created by Octave 6.2.0, Wed Apr 21 16:45:36 2021 CEST <niceno@strix>
# name: u_c
# type: matrix
# rows: 1
# columns: 20
 0.00021561391719209308 0.11846280949724342 -0.41959045297107445 -1.4294648037407256 3.4934904960115998 20.132046751498503 -20.04726093348954 -3.5713643650762039 1.367272411895019 0.35630027933856245 0.35630027933856312 1.3672724118950197 -3.571364365076207 -20.047260933489536 20.132046751498507 3.4934904960116078 -1.4294648037407329 -0.41959045297104702 0.11846280949725059 0.00021561391719003548


